250
citynames
0	1	2	3	4	5	6	7	8	9	10	11	12	13	14	15	16	17	18	19	20	21	22	23	24	25	26	27	28	29	30	31	32	33	34	35	36	37	38	39	40	41	42	43	44	45	46	47	48	49	50	51	52	53	54	55	56	57	58	59	60	61	62	63	64	65	66	67	68	69	70	71	72	73	74	75	76	77	78	79	80	81	82	83	84	85	86	87	88	89	90	91	92	93	94	95	96	97	98	99	100	101	102	103	104	105	106	107	108	109	110	111	112	113	114	115	116	117	118	119	120	121	122	123	124	125	126	127	128	129	130	131	132	133	134	135	136	137	138	139	140	141	142	143	144	145	146	147	148	149	150	151	152	153	154	155	156	157	158	159	160	161	162	163	164	165	166	167	168	169	170	171	172	173	174	175	176	177	178	179	180	181	182	183	184	185	186	187	188	189	190	191	192	193	194	195	196	197	198	199	200	201	202	203	204	205	206	207	208	209	210	211	212	213	214	215	216	217	218	219	220	221	222	223	224	225	226	227	228	229	230	231	232	233	234	235	236	237	238	239	240	241	242	243	244	245	246	247	248	249
edges		
244	246	11,712
246	244	11,712
239	240	10,616
240	239	10,616
238	245	6,142
245	238	6,142
235	238	7,048
238	235	7,048
233	240	7,634
240	233	7,634
232	248	10,223
248	232	10,223
231	248	10,699
248	231	10,699
229	249	10,098
249	229	10,098
228	241	1,473
241	228	1,473
226	231	7,638
231	226	7,638
223	242	10,184
242	223	10,184
223	249	10,898
249	223	10,898
222	225	9,842
225	222	9,842
220	247	10,309
247	220	10,309
219	221	6,535
221	219	6,535
218	224	5,993
224	218	5,993
218	227	9,192
227	218	9,192
217	232	9,613
232	217	9,613
216	232	8,738
232	216	8,738
214	219	4,104
219	214	4,104
214	221	10,444
221	214	10,444
213	235	9,305
235	213	9,305
213	238	10,707
238	213	10,707
212	214	9,024
214	212	9,024
212	219	8,099
219	212	8,099
212	221	8,32
221	212	8,32
212	244	4,321
244	212	4,321
211	222	6,192
222	211	6,192
211	225	10,649
225	211	10,649
210	212	5,813
212	210	5,813
210	214	7,099
214	210	7,099
210	219	3,728
219	210	3,728
210	221	3,659
221	210	3,659
210	244	10,062
244	210	10,062
209	211	1,269
211	209	1,269
209	222	7,357
222	209	7,357
209	225	11,652
225	209	11,652
208	226	4,662
226	208	4,662
208	231	8,821
231	208	8,821
207	210	3,158
210	207	3,158
207	212	5,667
212	207	5,667
207	214	10,119
214	207	10,119
207	219	6,878
219	207	6,878
207	221	2,902
221	207	2,902
207	244	9,218
244	207	9,218
206	209	11,467
209	206	11,467
205	207	10,606
207	205	10,606
205	210	7,932
210	205	7,932
205	214	7,345
214	205	7,345
205	219	5,157
219	205	5,157
205	221	8,879
221	205	8,879
204	222	9,626
222	204	9,626
204	225	5,003
225	204	5,003
204	231	11,432
231	204	11,432
203	249	4,148
249	203	4,148
202	204	4,207
204	202	4,207
202	209	10,956
209	202	10,956
202	211	9,692
211	202	9,692
202	222	5,44
222	202	5,44
202	225	6,056
225	202	6,056
201	216	11,363
216	201	11,363
201	217	11,118
217	201	11,118
201	232	3,557
232	201	3,557
201	248	6,668
248	201	6,668
200	203	5,651
203	200	5,651
200	223	9,984
223	200	9,984
200	249	6,335
249	200	6,335
199	237	6,767
237	199	6,767
198	223	9,036
223	198	9,036
198	242	3,037
242	198	3,037
197	230	9,937
230	197	9,937
196	205	5,718
205	196	5,718
196	214	8,233
214	196	8,233
196	219	8,903
219	196	8,903
195	238	11,39
238	195	11,39
195	245	9,286
245	195	9,286
194	220	11,551
220	194	11,551
193	243	9,306
243	193	9,306
192	243	7,897
243	192	7,897
191	202	6,216
202	191	6,216
191	204	7,061
204	191	7,061
191	222	9,234
222	191	9,234
191	225	11,446
225	191	11,446
191	231	11,935
231	191	11,935
190	220	4,33
220	190	4,33
190	247	6,68
247	190	6,68
189	200	11,303
200	189	11,303
189	203	5,779
203	189	5,779
189	220	9,403
220	189	9,403
189	249	8,557
249	189	8,557
188	230	5,191
230	188	5,191
188	233	8,575
233	188	8,575
188	240	9,56
240	188	9,56
187	208	6,557
208	187	6,557
187	226	3,66
226	187	3,66
187	231	4,215
231	187	4,215
187	248	11,716
248	187	11,716
186	189	5,775
189	186	5,775
186	203	10,305
203	186	10,305
186	249	11,195
249	186	11,195
185	201	6,956
201	185	6,956
185	232	10,259
232	185	10,259
185	248	2,896
248	185	2,896
184	188	7,566
188	184	7,566
184	197	5,351
197	184	5,351
184	230	4,691
230	184	4,691
183	215	3,017
215	183	3,017
182	198	7,87
198	182	7,87
182	223	8,452
223	182	8,452
182	242	10,811
242	182	10,811
181	184	8,764
184	181	8,764
181	188	10,778
188	181	10,778
181	196	11,674
196	181	11,674
181	230	5,963
230	181	5,963
180	213	3,355
213	180	3,355
179	193	10,256
193	179	10,256
179	212	9,146
212	179	9,146
179	244	7,05
244	179	7,05
178	236	2,867
236	178	2,867
177	186	3,537
186	177	3,537
177	189	3,512
189	177	3,512
177	203	6,82
203	177	6,82
177	249	7,806
249	177	7,806
176	191	2,089
191	176	2,089
176	202	4,299
202	176	4,299
176	204	6,123
204	176	6,123
176	222	7,243
222	176	7,243
176	225	9,939
225	176	9,939
175	246	3,569
246	175	3,569
174	179	9,292
179	174	9,292
174	192	7,813
192	174	7,813
174	243	7,415
243	174	7,415
172	180	8,119
180	172	8,119
172	197	9,121
197	172	9,121
172	213	5,932
213	172	5,932
172	235	7,388
235	172	7,388
171	172	6,889
172	171	6,889
171	180	10,106
180	171	10,106
171	213	6,758
213	171	6,758
171	235	3,106
235	171	3,106
171	238	5,664
238	171	5,664
171	245	11,526
245	171	11,526
170	182	6,422
182	170	6,422
170	198	10,237
198	170	10,237
170	223	3,653
223	170	3,653
170	229	10,924
229	170	10,924
170	249	11,264
249	170	11,264
169	177	8,571
177	169	8,571
169	186	5,624
186	169	5,624
169	189	8,899
189	169	8,899
169	190	9,32
190	169	9,32
169	220	10,104
220	169	10,104
168	187	4,08
187	168	4,08
168	204	11,515
204	168	11,515
168	208	8,885
208	168	8,885
168	226	7,555
226	168	7,555
168	231	0,268
231	168	0,268
168	248	10,481
248	168	10,481
167	224	7,521
224	167	7,521
166	236	9,479
236	166	9,479
165	171	11,685
171	165	11,685
165	172	9,828
172	165	9,828
165	180	1,756
180	165	1,756
165	191	10,673
191	165	10,673
165	213	5,003
213	165	5,003
164	190	7,043
190	164	7,043
164	194	7,229
194	164	7,229
164	220	5,001
220	164	5,001
164	247	9,969
247	164	9,969
163	202	9,825
202	163	9,825
163	209	2,235
209	163	2,235
163	211	1,708
211	163	1,708
163	222	5,489
222	163	5,489
163	225	11,682
225	163	11,682
162	192	9,472
192	162	9,472
161	169	10,571
169	161	10,571
161	177	7,299
177	161	7,299
161	186	6,124
186	161	6,124
161	189	10,748
189	161	10,748
161	229	10,509
229	161	10,509
161	249	11,843
249	161	11,843
160	168	6,839
168	160	6,839
160	176	6,571
176	160	6,571
160	187	10,794
187	160	10,794
160	191	5,41
191	160	5,41
160	202	8,639
202	160	8,639
160	204	6,352
204	160	6,352
160	225	11,314
225	160	11,314
160	231	6,647
231	160	6,647
159	234	5,49
234	159	5,49
159	239	10,493
239	159	10,493
158	170	5,722
170	158	5,722
158	200	7,196
200	158	7,196
158	203	9,121
203	158	9,121
158	223	5,291
223	158	5,291
158	229	9,925
229	158	9,925
158	249	5,734
249	158	5,734
157	181	5,473
181	157	5,473
157	184	4,716
184	157	4,716
157	188	10,501
188	157	10,501
157	197	7,152
197	157	7,152
157	230	5,597
230	157	5,597
156	196	8,377
196	156	8,377
156	205	5,088
205	156	5,088
156	207	7,567
207	156	7,567
156	210	4,409
210	156	4,409
156	212	8,418
212	156	8,418
156	214	3,435
214	156	3,435
156	219	0,745
219	156	0,745
156	221	7,28
221	156	7,28
155	165	5,001
165	155	5,001
155	171	7,487
171	155	7,487
155	172	4,996
172	155	4,996
155	180	3,246
180	155	3,246
155	197	11,679
197	155	11,679
155	213	1,559
213	155	1,559
155	235	9,681
235	155	9,681
155	238	11,94
238	155	11,94
154	171	8,024
171	154	8,024
154	195	11,016
195	154	11,016
154	235	9,296
235	154	9,296
154	238	2,365
238	154	2,365
154	245	4,011
245	154	4,011
153	228	5,583
228	153	5,583
153	241	4,247
241	153	4,247
152	179	10,233
179	152	10,233
152	207	8,799
207	152	8,799
152	210	10,636
210	152	10,636
152	212	5,852
212	152	5,852
152	221	11,655
221	152	11,655
152	244	3,365
244	152	3,365
152	246	9,51
246	152	9,51
151	168	9,264
168	151	9,264
151	187	6,861
187	151	6,861
151	208	0,391
208	151	0,391
151	226	4,792
226	151	4,792
151	231	9,202
231	151	9,202
150	164	9,115
164	150	9,115
150	169	6,638
169	150	6,638
150	177	8,428
177	150	8,428
150	186	8,087
186	150	8,087
150	189	6,046
189	150	6,046
150	190	6,182
190	150	6,182
150	203	11,351
203	150	11,351
150	220	4,158
220	150	4,158
149	163	7,447
163	149	7,447
149	206	10,265
206	149	10,265
149	209	5,363
209	149	5,363
149	211	5,83
211	149	5,83
149	222	11,405
222	149	11,405
149	225	10,995
225	149	10,995
148	157	1,712
157	148	1,712
148	181	5,62
181	148	5,62
148	184	3,398
184	148	3,398
148	188	8,809
188	148	8,809
148	197	7,085
197	148	7,085
148	230	4,043
230	148	4,043
147	162	9,416
162	147	9,416
147	166	11,877
166	147	11,877
146	218	6,252
218	146	6,252
146	224	11,387
224	146	11,387
146	227	4,56
227	146	4,56
145	146	10,595
146	145	10,595
144	168	9,65
168	144	9,65
144	185	3,018
185	144	3,018
144	187	11,38
187	144	11,38
144	201	8,14
201	144	8,14
144	204	11,54
204	144	11,54
144	231	9,846
231	144	9,846
144	232	11,686
232	144	11,686
144	248	1,527
248	144	1,527
143	152	7,831
152	143	7,831
143	175	10,421
175	143	10,421
143	179	8,905
179	143	8,905
143	193	6,865
193	143	6,865
143	212	11,875
212	143	11,875
143	244	7,554
244	143	7,554
143	246	7,59
246	143	7,59
142	154	11,701
154	142	11,701
142	155	4,818
155	142	4,818
142	165	4,797
165	142	4,797
142	171	8,119
171	142	8,119
142	172	9,299
172	142	9,299
142	180	4,124
180	142	4,124
142	195	8,901
195	142	8,901
142	213	3,433
213	142	3,433
142	235	11,123
235	142	11,123
142	238	10,237
238	142	10,237
140	147	4,712
147	140	4,712
140	162	10,969
162	140	10,969
139	156	6,665
156	139	6,665
139	196	4,593
196	139	4,593
139	205	1,814
205	139	1,814
139	210	9,743
210	139	9,743
139	214	8,428
214	139	8,428
139	219	6,833
219	139	6,833
139	221	10,596
221	139	10,596
138	151	11,903
151	138	11,903
138	188	10,136
188	138	10,136
138	226	11,064
226	138	11,064
138	233	9,598
233	138	9,598
138	239	11,352
239	138	11,352
138	240	2,076
240	138	2,076
137	145	11,708
145	137	11,708
137	146	3,524
146	137	3,524
137	183	11,008
183	137	11,008
137	215	11,222
215	137	11,222
137	218	4,325
218	137	4,325
137	224	10,278
224	137	10,278
137	227	7,93
227	137	7,93
136	159	2,31
159	136	2,31
136	234	3,185
234	136	3,185
135	141	6,693
141	135	6,693
135	181	7,362
181	135	7,362
135	230	11,174
230	135	11,174
134	137	10,296
137	134	10,296
134	145	10,314
145	134	10,314
134	146	6,821
146	134	6,821
134	227	3,986
227	134	3,986
133	166	6,778
166	133	6,778
132	154	8,146
154	132	8,146
132	171	7,46
171	132	7,46
132	235	5,508
235	132	5,508
132	238	6,935
238	132	6,935
131	143	5,854
143	131	5,854
131	179	9,728
179	131	9,728
131	193	1,012
193	131	1,012
131	243	10,112
243	131	10,112
130	194	5,825
194	130	5,825
130	234	11,697
234	130	11,697
129	133	7,141
133	129	7,141
129	147	8,531
147	129	8,531
129	166	3,392
166	129	3,392
129	178	11,909
178	129	11,909
129	236	9,707
236	129	9,707
128	136	11,358
136	128	11,358
128	159	9,153
159	128	9,153
128	173	11,948
173	128	11,948
128	239	1,726
239	128	1,726
126	183	8,912
183	126	8,912
126	215	5,899
215	126	5,899
125	148	4,208
148	125	4,208
125	157	2,917
157	125	2,917
125	172	11,22
172	125	11,22
125	181	8,041
181	125	8,041
125	184	5,816
184	125	5,816
125	197	5,633
197	125	5,633
125	230	8,248
230	125	8,248
124	142	6,118
142	124	6,118
124	155	1,487
155	124	1,487
124	165	5,177
165	124	5,177
124	171	8,584
171	124	8,584
124	172	4,713
172	124	4,713
124	180	3,552
180	124	3,552
124	197	10,321
197	124	10,321
124	213	3,033
213	124	3,033
124	235	10,482
235	124	10,482
123	175	7,983
175	123	7,983
123	246	10,306
246	123	10,306
122	139	1,217
139	122	1,217
122	156	5,505
156	122	5,505
122	196	5,144
196	122	5,144
122	205	0,647
205	122	0,647
122	207	11,241
207	122	11,241
122	210	8,536
210	122	8,536
122	214	7,516
214	122	7,516
122	219	5,638
219	122	5,638
122	221	9,525
221	122	9,525
121	158	8,749
158	121	8,749
121	170	3,464
170	121	3,464
121	182	3,939
182	121	3,939
121	198	7,031
198	121	7,031
121	223	4,53
223	121	4,53
121	242	9,371
242	121	9,371
120	145	9,428
145	120	9,428
120	161	9,789
161	120	9,789
120	229	8,292
229	120	8,292
119	120	10,342
120	119	10,342
119	134	4,953
134	119	4,953
119	137	9,676
137	119	9,676
119	145	5,361
145	119	5,361
119	146	7,143
146	119	7,143
119	227	7,465
227	119	7,465
118	124	6,3
124	118	6,3
118	142	11,65
142	118	11,65
118	151	10,687
151	118	10,687
118	155	7,746
155	118	7,746
118	165	8,159
165	118	8,159
118	172	8,663
172	118	8,663
118	180	7,699
180	118	7,699
118	184	11,388
184	118	11,388
118	197	6,902
197	118	6,902
118	208	10,634
208	118	10,634
118	213	9,204
213	118	9,204
117	140	10,873
140	117	10,873
117	147	11,794
147	117	11,794
117	167	9,427
167	117	9,427
117	178	6,29
178	117	6,29
117	236	8,473
236	117	8,473
116	164	4,06
164	116	4,06
116	190	7,925
190	116	7,925
116	194	8,583
194	116	8,583
116	220	8,021
220	116	8,021
116	247	7,638
247	116	7,638
115	153	5,126
153	115	5,126
115	228	8,124
228	115	8,124
115	241	6,73
241	115	6,73
114	163	5,526
163	114	5,526
114	176	8,339
176	114	8,339
114	191	10,158
191	114	10,158
114	202	7,319
202	114	7,319
114	204	11,526
204	114	11,526
114	209	7,685
209	114	7,685
114	211	6,713
211	114	6,713
114	222	2,06
222	114	2,06
114	225	11,896
225	114	11,896
113	121	5,379
121	113	5,379
113	158	9,842
158	113	9,842
113	170	7,229
170	113	7,229
113	182	8,536
182	113	8,536
113	198	5,009
198	113	5,009
113	223	4,665
223	113	4,665
113	242	5,551
242	113	5,551
112	128	9,96
128	112	9,96
112	136	5,632
136	112	5,632
112	159	4,347
159	112	4,347
112	234	8,047
234	112	8,047
112	239	10,722
239	112	10,722
110	122	5,351
122	110	5,351
110	139	6,016
139	110	6,016
110	156	3,963
156	110	3,963
110	196	5,323
196	110	5,323
110	205	5,391
205	110	5,391
110	207	11,522
207	110	11,522
110	210	8,364
210	110	8,364
110	212	11,55
212	110	11,55
110	214	2,92
214	110	2,92
110	219	4,68
219	110	4,68
110	221	11,114
221	110	11,114
109	126	9,332
126	109	9,332
109	137	5,083
137	109	5,083
109	146	8,42
146	109	8,42
109	183	6,517
183	109	6,517
109	215	6,179
215	109	6,179
109	218	7,179
218	109	7,179
108	110	6,803
110	108	6,803
108	122	8,214
122	108	8,214
108	135	11,644
135	108	11,644
108	139	7,724
139	108	7,724
108	156	10,525
156	108	10,525
108	181	10,766
181	108	10,766
108	196	3,132
196	108	3,132
108	205	8,755
205	108	8,755
108	214	9,401
214	108	9,401
108	219	11,157
219	108	11,157
107	130	11,436
130	107	11,436
107	173	8,976
173	107	8,976
107	200	8,254
200	107	8,254
107	203	11,594
203	107	11,594
106	123	11,362
123	106	11,362
106	131	2,227
131	106	2,227
106	143	6,821
143	106	6,821
106	179	11,93
179	106	11,93
106	193	2,119
193	106	2,119
106	243	10,94
243	106	10,94
106	246	11,883
246	106	11,883
105	106	1,034
106	105	1,034
105	123	10,392
123	105	10,392
105	131	3,234
131	105	3,234
105	143	7,217
143	105	7,217
105	193	3,141
193	105	3,141
105	243	11,674
243	105	11,674
105	246	11,604
246	105	11,604
104	144	8,161
144	104	8,161
104	185	7,936
185	104	7,936
104	201	2,597
201	104	2,597
104	217	9,568
217	104	9,568
104	232	4,888
232	104	4,888
104	248	6,64
248	104	6,64
103	174	3,708
174	103	3,708
103	192	4,287
192	103	4,287
103	243	5,731
243	103	5,731
102	138	9,831
138	102	9,831
102	187	9,374
187	102	9,374
102	226	7,775
226	102	7,775
102	240	11,74
240	102	11,74
101	108	5,491
108	101	5,491
101	110	7,783
110	101	7,783
101	122	5,09
122	101	5,09
101	125	10,521
125	101	10,521
101	139	3,983
139	101	3,983
101	156	9,93
156	101	9,93
101	157	10,869
157	101	10,869
101	181	10,336
181	101	10,336
101	196	3,115
196	101	3,115
101	205	5,734
205	101	5,734
101	214	10,662
214	101	10,662
101	219	10,279
219	101	10,279
100	103	6,58
103	100	6,58
100	133	8,099
133	100	8,099
100	174	6,827
174	100	6,827
100	192	7,056
192	100	7,056
99	129	10,765
129	99	10,765
99	140	5,15
140	99	5,15
99	147	3,171
147	99	3,171
99	162	6,455
162	99	6,455
98	117	11,425
117	98	11,425
98	178	5,183
178	98	5,183
98	236	4,433
236	98	4,433
97	144	7,138
144	97	7,138
97	160	8,756
160	97	8,756
97	168	10,904
168	97	10,904
97	176	10,973
176	97	10,973
97	185	7,779
185	97	7,779
97	191	11,562
191	97	11,562
97	202	8,87
202	97	8,87
97	204	4,951
204	97	4,951
97	225	5,664
225	97	5,664
97	231	10,938
231	97	10,938
97	248	8,598
248	97	8,598
96	199	1,569
199	96	1,569
96	237	6,553
237	96	6,553
95	115	9,423
115	95	9,423
95	153	11,71
153	95	11,71
95	216	11,785
216	95	11,785
94	141	8,07
141	94	8,07
94	198	9,053
198	94	9,053
94	242	9,095
242	94	9,095
93	97	7,55
97	93	7,55
93	144	8,371
144	93	8,371
93	160	4,36
160	93	4,36
93	168	3,641
168	93	3,641
93	176	10,57
176	93	10,57
93	185	11,051
185	93	11,051
93	187	7,64
187	93	7,64
93	191	9,704
191	93	9,704
93	202	11,502
202	93	11,502
93	204	7,908
204	93	7,908
93	226	11,188
226	93	11,188
93	231	3,594
231	93	3,594
93	248	9,608
248	93	9,608
92	122	11,702
122	92	11,702
92	132	7,972
132	92	7,972
92	139	11,349
139	92	11,349
92	171	8,961
171	92	8,961
92	172	9,296
172	92	9,296
92	205	11,628
205	92	11,628
92	235	6,04
235	92	6,04
91	109	6,129
109	91	6,129
91	119	9,388
119	91	9,388
91	134	9,544
134	91	9,544
91	137	1,061
137	91	1,061
91	145	11,905
145	91	11,905
91	146	2,723
146	91	2,723
91	218	4,088
218	91	4,088
91	224	9,863
224	91	9,863
91	227	6,96
227	91	6,96
90	113	11,828
113	90	11,828
90	173	6,973
173	90	6,973
90	233	10,517
233	90	10,517
90	242	10,115
242	90	10,115
89	116	6,089
116	89	6,089
89	127	10,682
127	89	10,682
89	130	10,584
130	89	10,584
89	164	7,494
164	89	7,494
89	194	5,11
194	89	5,11
88	98	8,567
98	88	8,567
88	182	9,779
182	88	9,779
87	111	11,19
111	87	11,19
87	130	3,684
130	87	3,684
87	136	10,342
136	87	10,342
87	194	8,273
194	87	8,273
87	234	8,302
234	87	8,302
86	108	11,578
108	86	11,578
86	135	10,345
135	86	10,345
86	141	5,64
141	86	5,64
85	152	10,662
152	85	10,662
85	175	11,147
175	85	11,147
85	246	9,698
246	85	9,698
84	100	9,532
100	84	9,532
84	103	5,747
103	84	5,747
84	106	11,963
106	84	11,963
84	131	10,014
131	84	10,014
84	174	2,77
174	84	2,77
84	179	6,994
179	84	6,994
84	192	10,034
192	84	10,034
84	193	9,844
193	84	9,844
84	243	7,221
243	84	7,221
83	95	11,982
95	83	11,982
83	104	8,511
104	83	8,511
83	201	9,238
201	83	9,238
83	217	3,695
217	83	3,695
83	232	6,812
232	83	6,812
82	85	4,344
85	82	4,344
82	152	6,59
152	82	6,59
82	175	11,914
175	82	11,914
82	207	10,29
207	82	10,29
82	212	10,888
212	82	10,888
82	244	9,913
244	82	9,913
82	246	9,265
246	82	9,265
81	119	8,225
119	81	8,225
81	134	4,508
134	81	4,508
81	146	11,254
146	81	11,254
81	227	7,588
227	81	7,588
81	229	10,166
229	81	10,166
80	97	8,938
97	80	8,938
80	149	9,615
149	80	9,615
80	202	11,386
202	80	11,386
80	204	10,423
204	80	10,423
80	225	5,577
225	80	5,577
79	84	9,7
84	79	9,7
79	110	11,633
110	79	11,633
79	174	10,11
174	79	10,11
79	179	7,431
179	79	7,431
79	212	11,328
212	79	11,328
79	214	9,294
214	79	9,294
78	112	10,817
112	78	10,817
78	128	3,633
128	78	3,633
78	138	9,955
138	78	9,955
78	159	11,389
159	78	11,389
78	239	2,065
239	78	2,065
78	240	9,536
240	78	9,536
77	78	10,966
78	77	10,966
77	102	2,737
102	77	2,737
77	138	7,171
138	77	7,171
77	151	11,765
151	77	11,765
77	187	10,655
187	77	10,655
77	208	11,848
208	77	11,848
77	226	8,175
226	77	8,175
77	240	9,031
240	77	9,031
76	95	7,37
95	76	7,37
76	115	3,658
115	76	3,658
76	153	4,395
153	76	4,395
76	228	9,469
228	76	9,469
76	241	8,004
241	76	8,004
75	89	3,394
89	75	3,394
75	116	2,706
116	75	2,706
75	164	4,846
164	75	4,846
75	190	10,387
190	75	10,387
75	194	6,452
194	75	6,452
75	220	9,669
220	75	9,669
75	247	10,191
247	75	10,191
74	109	10,73
109	74	10,73
74	126	7,749
126	74	7,749
74	183	5,19
183	74	5,19
74	215	4,643
215	74	4,643
73	120	10,775
120	73	10,775
73	145	9,149
145	73	9,149
72	107	11,731
107	72	11,731
72	150	8,21
150	72	8,21
72	177	6,434
177	72	6,434
72	186	9,359
186	72	9,359
72	189	3,706
189	72	3,706
72	200	8,158
200	72	8,158
72	203	3,47
203	72	3,47
72	220	10,329
220	72	10,329
72	249	7,452
249	72	7,452
71	135	10,448
135	71	10,448
71	148	9,121
148	71	9,121
71	157	10,574
157	71	10,574
71	181	8,837
181	71	8,837
71	184	9,326
184	71	9,326
71	188	3,894
188	71	3,894
71	230	5,108
230	71	5,108
71	233	7,728
233	71	7,728
71	240	11,683
240	71	11,683
70	79	1,576
79	70	1,576
70	84	8,129
84	70	8,129
70	100	11,309
100	70	11,309
70	174	8,574
174	70	8,574
70	179	6,528
179	70	6,528
70	212	11,795
212	70	11,795
70	214	10,735
214	70	10,735
70	244	11,957
244	70	11,957
69	107	5,64
107	69	5,64
69	128	11,896
128	69	11,896
69	173	5,282
173	69	5,282
68	114	6,736
114	68	6,736
68	160	10,388
160	68	10,388
68	165	10,769
165	68	10,769
68	176	4,396
176	68	4,396
68	191	4,982
191	68	4,982
68	202	7,329
202	68	7,329
68	204	10,336
204	68	10,336
68	222	6,811
222	68	6,811
67	83	7,338
83	67	7,338
67	112	11,331
112	67	11,331
67	217	4,501
217	67	4,501
66	149	7,561
149	66	7,561
66	206	5,154
206	66	5,154
66	209	11,107
209	66	11,107
65	71	6,843
71	65	6,843
65	125	10,535
125	65	10,535
65	138	11,37
138	65	11,37
65	148	7,162
148	65	7,162
65	151	10,304
151	65	10,304
65	157	8,838
157	65	8,838
65	181	10,922
181	65	10,922
65	184	4,79
184	65	4,79
65	188	3,552
188	65	3,552
65	197	9,301
197	65	9,301
65	208	10,677
208	65	10,677
65	230	5,007
230	65	5,007
65	240	11,415
240	65	11,415
64	91	4,394
91	64	4,394
64	109	6,144
109	64	6,144
64	119	6,813
119	64	6,813
64	134	9,237
134	64	9,237
64	137	3,977
137	64	3,977
64	145	7,791
145	64	7,791
64	146	4,384
146	64	4,384
64	183	9,898
183	64	9,898
64	215	11,174
215	64	11,174
64	218	8,298
218	64	8,298
64	227	8,49
227	64	8,49
63	96	2,231
96	63	2,231
63	199	1,821
199	63	1,821
63	237	4,962
237	63	4,962
62	71	10,901
71	62	10,901
62	78	11,14
78	62	11,14
62	90	8,635
90	62	8,635
62	128	11,744
128	62	11,744
62	138	9,478
138	62	9,478
62	188	11,357
188	62	11,357
62	233	3,192
233	62	3,192
62	239	10,804
239	62	10,804
62	240	7,405
240	62	7,405
61	87	5,163
87	61	5,163
61	89	9,05
89	61	9,05
61	111	6,739
111	61	6,739
61	130	6,867
130	61	6,867
61	194	7,466
194	61	7,466
61	234	10,977
234	61	10,977
60	63	6,637
63	60	6,637
60	96	5,69
96	60	5,69
60	111	8,712
111	60	8,712
60	199	4,868
199	60	4,868
60	237	11,595
237	60	11,595
59	80	6,845
80	59	6,845
59	97	6,442
97	59	6,442
59	144	8,084
144	59	8,084
59	185	6,135
185	59	6,135
59	204	10,796
204	59	10,796
59	225	8,326
225	59	8,326
59	248	8,763
248	59	8,763
58	68	4,795
68	58	4,795
58	114	1,947
114	58	1,947
58	163	7,425
163	58	7,425
58	176	6,845
176	58	6,845
58	191	8,507
191	58	8,507
58	202	6,778
202	58	6,778
58	204	10,891
204	58	10,891
58	209	9,54
209	58	9,54
58	211	8,501
211	58	8,501
58	222	2,759
222	58	2,759
57	65	6,75
65	57	6,75
57	118	8,024
118	57	8,024
57	125	6,349
125	57	6,349
57	148	6,092
148	57	6,092
57	151	10,773
151	57	10,773
57	157	6,773
157	57	6,773
57	172	11,673
172	57	11,673
57	181	11,71
181	57	11,71
57	184	3,368
184	57	3,368
57	188	10,123
188	57	10,123
57	197	2,583
197	57	2,583
57	208	11,002
208	57	11,002
57	230	8,049
230	57	8,049
56	73	5,918
73	56	5,918
56	119	11,916
119	56	11,916
56	120	5,027
120	56	5,027
56	145	8,552
145	56	8,552
56	161	11,851
161	56	11,851
55	67	8,505
67	55	8,505
55	78	8,955
78	55	8,955
55	112	4,59
112	55	4,59
55	128	9,745
128	55	9,745
55	136	10,111
136	55	10,111
55	159	8,414
159	55	8,414
55	217	11,852
217	55	11,852
55	239	9,744
239	55	9,744
54	99	8,037
99	54	8,037
54	117	8,936
117	54	8,936
54	140	2,922
140	54	2,922
54	147	7,003
147	54	7,003
53	56	5,542
56	53	5,542
53	73	10,372
73	53	10,372
53	81	11,179
81	53	11,179
53	119	7,62
119	53	7,62
53	120	2,782
120	53	2,782
53	134	10,851
134	53	10,851
53	145	6,902
145	53	6,902
53	229	9,315
229	53	9,315
52	77	10,533
77	52	10,533
52	93	9,973
93	52	9,973
52	102	10,13
102	52	10,13
52	151	3,422
151	52	3,422
52	168	6,388
168	52	6,388
52	187	3,447
187	52	3,447
52	208	3,135
208	52	3,135
52	226	2,384
226	52	2,384
52	231	6,392
231	52	6,392
51	70	7,99
70	51	7,99
51	79	6,984
79	51	6,984
51	86	10,847
86	51	10,847
51	110	11,491
110	51	11,491
51	133	11,676
133	51	11,676
51	214	10,713
214	51	10,713
50	59	4,226
59	50	4,226
50	80	10,173
80	50	10,173
50	97	10,154
97	50	10,154
50	104	11,784
104	50	11,784
50	144	8,851
144	50	8,851
50	185	5,942
185	50	5,942
50	201	9,673
201	50	9,673
50	232	11,667
232	50	11,667
50	248	8,802
248	50	8,802
49	59	8,296
59	49	8,296
49	80	8,196
80	49	8,196
49	93	8,739
93	49	8,739
49	97	3,121
97	49	3,121
49	144	10,234
144	49	10,234
49	160	8,334
160	49	8,334
49	176	8,61
176	49	8,61
49	185	10,833
185	49	10,833
49	191	9,628
191	49	9,628
49	202	5,875
202	49	5,875
49	204	2,568
204	49	2,568
49	222	10,927
222	49	10,927
49	225	3,314
225	49	3,314
49	248	11,708
248	49	11,708
48	50	9,958
50	48	9,958
48	83	8,782
83	48	8,782
48	104	6,005
104	48	6,005
48	144	11,407
144	48	11,407
48	185	9,5
185	48	9,5
48	201	3,841
201	48	3,841
48	216	7,531
216	48	7,531
48	217	11,71
217	48	11,71
48	232	2,109
232	48	2,109
48	248	10,057
248	48	10,057
47	64	10,444
64	47	10,444
47	91	6,658
91	47	6,658
47	109	7,505
109	47	7,505
47	137	6,569
137	47	6,569
47	146	9,071
146	47	9,071
47	167	11,422
167	47	11,422
47	218	2,914
218	47	2,914
47	224	5,238
224	47	5,238
46	161	7,892
161	46	7,892
46	169	6,854
169	46	6,854
46	177	11,118
177	46	11,118
46	186	7,689
186	46	7,689
45	48	11,127
48	45	11,127
45	67	6,225
67	45	6,225
45	76	11,037
76	45	11,037
45	83	2,906
83	45	2,906
45	95	10,135
95	45	10,135
45	104	11,417
104	45	11,417
45	217	4,535
217	45	4,535
45	232	9,323
232	45	9,323
44	49	2,107
49	44	2,107
44	59	9,573
59	44	9,573
44	68	11,93
68	44	11,93
44	80	10,281
80	44	10,281
44	93	6,793
93	44	6,793
44	97	3,365
97	44	3,365
44	144	9,765
144	44	9,765
44	160	6,268
160	44	6,268
44	168	10,433
168	44	10,433
44	176	7,613
176	44	7,613
44	185	10,945
185	44	10,945
44	191	8,24
191	44	8,24
44	202	5,971
202	44	5,971
44	204	1,774
204	44	1,774
44	222	11,37
222	44	11,37
44	225	5,336
225	44	5,336
44	231	10,384
231	44	10,384
44	248	11,288
248	44	11,288
43	82	8,576
82	43	8,576
43	152	8,933
152	43	8,933
43	156	10,122
156	43	10,122
43	207	2,708
207	43	2,708
43	210	5,763
210	43	5,763
43	212	7,554
212	43	7,554
43	219	9,405
219	43	9,405
43	221	3,765
221	43	3,765
43	244	10,274
244	43	10,274
42	86	9,639
86	42	9,639
42	101	9,688
101	42	9,688
42	108	6,664
108	42	6,664
42	135	5,008
135	42	5,008
42	141	8,88
141	42	8,88
42	157	11,467
157	42	11,467
42	181	6,506
181	42	6,506
42	196	9,113
196	42	9,113
41	81	11,854
81	41	11,854
41	88	6,374
88	41	6,374
41	121	7,816
121	41	7,816
41	170	9,973
170	41	9,973
41	182	3,878
182	41	3,878
41	198	10,323
198	41	10,323
40	75	7,166
75	40	7,166
40	89	10,329
89	40	10,329
40	116	5,1
116	40	5,1
40	150	7,051
150	40	7,051
40	164	3,395
164	40	3,395
40	190	3,649
190	40	3,649
40	194	10,624
194	40	10,624
40	220	3,15
220	40	3,15
40	247	7,741
247	40	7,741
39	66	5,59
66	39	5,59
39	80	10,277
80	39	10,277
39	149	5,382
149	39	5,382
39	206	10,412
206	39	10,412
39	209	10,654
209	39	10,654
39	211	11,209
211	39	11,209
38	74	6,907
74	38	6,907
38	109	9,245
109	38	9,245
38	126	0,845
126	38	0,845
38	183	8,279
183	38	8,279
38	215	5,29
215	38	5,29
37	76	2,674
76	37	2,674
37	95	9,352
95	37	9,352
37	115	1,398
115	37	1,398
37	153	3,846
153	37	3,846
37	228	7,596
228	37	7,596
37	241	6,139
241	37	6,139
36	41	5,329
41	36	5,329
36	88	1,841
88	36	1,841
36	98	8,515
98	36	8,515
36	182	9,055
182	36	9,055
35	36	8,804
36	35	8,804
35	41	10,606
41	35	10,606
35	88	7,142
88	35	7,142
35	94	6,254
94	35	6,254
35	141	11,388
141	35	11,388
35	198	10,645
198	35	10,645
34	53	8,565
53	34	8,565
34	56	4,399
56	34	4,399
34	73	1,812
73	34	1,812
34	120	9,075
120	34	9,075
34	145	7,784
145	34	7,784
33	58	9,102
58	33	9,102
33	114	8,593
114	33	8,593
33	163	10,678
163	33	10,678
33	222	10,644
222	33	10,644
32	52	7,988
52	32	7,988
32	77	11,466
77	32	11,466
32	93	7,41
93	32	7,41
32	102	9,251
102	32	9,251
32	104	10,076
104	32	10,076
32	144	7,333
144	32	7,333
32	151	11,408
151	32	11,408
32	160	11,627
160	32	11,627
32	168	5,434
168	32	5,434
32	185	10,165
185	32	10,165
32	187	4,594
187	32	4,594
32	201	11,801
201	32	11,801
32	208	11,121
208	32	11,121
32	226	7,421
226	32	7,421
32	231	5,7
231	32	5,7
32	248	7,367
248	32	7,367
31	37	9,487
37	31	9,487
31	115	8,73
115	31	8,73
31	153	10,769
153	31	10,769
31	228	7,913
228	31	7,913
31	241	7,871
241	31	7,871
30	43	10,126
43	30	10,126
30	70	10,835
70	30	10,835
30	79	10,818
79	30	10,818
30	82	10,926
82	30	10,926
30	143	8,74
143	30	8,74
30	152	4,565
152	30	4,565
30	156	11,364
156	30	11,364
30	179	6,57
179	30	6,57
30	207	8,708
207	30	8,708
30	210	9,124
210	30	9,124
30	212	3,314
212	30	3,314
30	214	11,28
214	30	11,28
30	219	11,146
219	30	11,146
30	221	11,496
221	30	11,496
30	244	1,475
244	30	1,475
29	47	2,921
47	29	2,921
29	64	10,752
64	29	10,752
29	91	6,429
91	29	6,429
29	109	9,44
109	29	9,44
29	137	6,803
137	29	6,803
29	146	8,191
146	29	8,191
29	167	10,821
167	29	10,821
29	218	2,524
218	29	2,524
29	224	3,477
224	29	3,477
29	227	10,208
227	29	10,208
28	35	10,487
35	28	10,487
28	41	10,902
41	28	10,902
28	94	8,477
94	28	8,477
28	113	5,483
113	28	5,483
28	121	7,801
121	28	7,801
28	170	10,987
170	28	10,987
28	182	8,584
182	28	8,584
28	198	0,775
198	28	0,775
28	223	9,677
223	28	9,677
28	242	2,503
242	28	2,503
27	62	7,419
62	27	7,419
27	65	7,207
65	27	7,207
27	71	5,107
71	27	5,107
27	138	7,814
138	27	7,814
27	184	11,544
184	27	11,544
27	188	3,989
188	27	3,989
27	230	8,817
230	27	8,817
27	233	4,883
233	27	4,883
27	240	6,581
240	27	6,581
26	55	9,933
55	26	9,933
26	77	3,854
77	26	3,854
26	78	9,413
78	26	9,413
26	102	4,19
102	26	4,19
26	138	9,654
138	26	9,654
26	217	11,91
217	26	11,91
26	226	11,644
226	26	11,644
26	239	11,461
239	26	11,461
26	240	11,097
240	26	11,097
25	60	3,405
60	25	3,405
25	63	9,366
63	25	9,366
25	96	8,879
96	25	8,879
25	111	5,309
111	25	5,309
25	199	7,779
199	25	7,779
24	39	7,951
39	24	7,951
24	66	8,457
66	24	8,457
24	80	11,814
80	24	11,814
24	114	10,397
114	24	10,397
24	149	2,915
149	24	2,915
24	163	5,034
163	24	5,034
24	206	9,602
206	24	9,602
24	209	2,802
209	24	2,802
24	211	3,696
211	24	3,696
24	222	9,835
222	24	9,835
24	225	11,996
225	24	11,996
23	33	6,032
33	23	6,032
23	58	7,072
58	23	7,072
23	68	7,437
68	23	7,437
23	114	7,96
114	23	7,96
23	176	11,709
176	23	11,709
23	195	8,09
195	23	8,09
23	222	9,692
222	23	9,692
22	34	3,658
34	22	3,658
22	53	7,033
53	22	7,033
22	56	1,508
56	22	1,508
22	73	4,871
73	22	4,871
22	120	6,464
120	22	6,464
22	145	9,324
145	22	9,324
21	27	1,873
27	21	1,873
21	62	7,424
62	21	7,424
21	65	7,811
65	21	7,811
21	71	3,782
71	21	3,782
21	138	9,594
138	21	9,594
21	184	11,666
184	21	11,666
21	188	4,28
188	21	4,28
21	230	8,276
230	21	8,276
21	233	4,409
233	21	4,409
21	240	8,207
240	21	8,207
20	40	7,068
40	20	7,068
20	75	2,897
75	20	2,897
20	89	5,69
89	20	5,69
20	116	2,095
116	20	2,095
20	127	11,837
127	20	11,837
20	164	6,088
164	20	6,088
20	190	9,529
190	20	9,529
20	194	9,349
194	20	9,349
20	220	10,072
220	20	10,072
20	247	7,725
247	20	7,725
19	70	6,872
70	19	6,872
19	79	8,364
79	19	8,364
19	84	3,54
84	19	3,54
19	100	6,397
100	19	6,397
19	103	5,319
103	19	5,319
19	174	1,925
174	19	1,925
19	179	8,733
179	19	8,733
19	192	9,085
192	19	9,085
19	243	9,323
243	19	9,323
18	35	11,609
35	18	11,609
18	51	11,645
51	18	11,645
18	86	2,813
86	18	2,813
18	94	11,772
94	18	11,772
18	141	6,466
141	18	6,466
17	41	10,519
41	17	10,519
17	81	5,763
81	17	5,763
17	121	9,728
121	17	9,728
17	134	10,171
134	17	10,171
17	158	10,542
158	17	10,542
17	170	7,756
170	17	7,756
17	182	9,423
182	17	9,423
17	223	11,337
223	17	11,337
17	229	6,676
229	17	6,676
16	54	7,406
54	16	7,406
16	98	11,623
98	16	11,623
16	99	10,21
99	16	10,21
16	117	5,134
117	16	5,134
16	129	9,325
129	16	9,325
16	140	7,952
140	16	7,952
16	147	7,171
147	16	7,171
16	166	11,475
166	16	11,475
16	178	6,981
178	16	6,981
16	236	7,388
236	16	7,388
15	24	4,507
24	15	4,507
15	39	9,051
39	15	9,051
15	49	10,519
49	15	10,519
15	58	10,462
58	15	10,462
15	66	11,797
66	15	11,797
15	80	8,217
80	15	8,217
15	114	9,104
114	15	9,104
15	149	4,256
149	15	4,256
15	163	5,589
163	15	5,589
15	202	8,786
202	15	8,786
15	204	11,074
204	15	11,074
15	209	4,58
209	15	4,58
15	211	4
211	15	4
15	222	7,726
222	15	7,726
15	225	7,498
225	15	7,498
14	18	7,335
18	14	7,335
14	51	9,603
51	14	9,603
14	86	9,145
86	14	9,145
14	129	10,737
129	14	10,737
14	133	6,649
133	14	6,649
14	166	8,096
166	14	8,096
13	19	8,927
19	13	8,927
13	100	2,56
100	13	2,56
13	103	8,741
103	13	8,741
13	129	10,843
129	13	10,843
13	133	6,257
133	13	6,257
13	162	11,602
162	13	11,602
13	174	9,377
174	13	9,377
13	192	8,128
192	13	8,128
12	28	6,032
28	12	6,032
12	35	6,079
35	12	6,079
12	36	8,058
36	12	8,058
12	41	6,364
41	12	6,364
12	88	7,461
88	12	7,461
12	94	8,239
94	12	8,239
12	113	9,906
113	12	9,906
12	121	8,542
121	12	8,542
12	170	11,918
170	12	11,918
12	182	6,361
182	12	6,361
12	198	5,807
198	12	5,807
12	242	8,457
242	12	8,457
11	30	8,689
30	11	8,689
11	43	10,208
43	11	10,208
11	82	3,687
82	11	3,687
11	85	6,928
85	11	6,928
11	143	8,708
143	11	8,708
11	152	4,14
152	11	4,14
11	175	9,935
175	11	9,935
11	207	11,101
207	11	11,101
11	212	9,716
212	11	9,716
11	244	7,397
244	11	7,397
11	246	6,678
246	11	6,678
10	105	11,028
105	10	11,028
10	106	11,976
106	10	11,976
10	123	0,886
123	10	0,886
10	175	7,429
175	10	7,429
10	246	9,977
246	10	9,977
9	23	3,526
23	9	3,526
9	33	8,216
33	9	8,216
9	58	10,398
58	9	10,398
9	68	9,604
68	9	9,604
9	114	11,445
114	9	11,445
9	142	10,955
142	9	10,955
9	195	4,585
195	9	4,585
8	11	4,709
11	8	4,709
8	30	3,985
30	8	3,985
8	43	9,334
43	8	9,334
8	82	7,286
82	8	7,286
8	85	11,331
85	8	11,331
8	143	7,437
143	8	7,437
8	152	0,702
152	8	0,702
8	179	9,533
179	8	9,533
8	207	9,011
207	8	9,011
8	210	10,661
210	8	10,661
8	212	5,604
212	8	5,604
8	221	11,895
221	8	11,895
8	244	2,711
244	8	2,711
8	246	9,709
246	8	9,709
7	42	11,616
42	7	11,616
7	57	6,795
57	7	6,795
7	65	9,235
65	7	9,235
7	71	11,091
71	7	11,091
7	101	10,577
101	7	10,577
7	125	2,442
125	7	2,442
7	148	2,175
148	7	2,175
7	157	0,516
157	7	0,516
7	181	5,778
181	7	5,778
7	184	4,976
184	7	4,976
7	188	10,982
188	7	10,982
7	197	6,984
197	7	6,984
7	230	6,107
230	7	6,107
6	16	4,529
16	6	4,529
6	54	11,235
54	6	11,235
6	98	9,893
98	6	9,893
6	99	11,022
99	6	11,022
6	117	8,821
117	6	8,821
6	129	5,363
129	6	5,363
6	140	10,829
140	6	10,829
6	147	7,924
147	6	7,924
6	166	6,998
166	6	6,998
6	178	7,007
178	6	7,007
6	236	5,556
236	6	5,556
5	26	3,351
26	5	3,351
5	32	11,054
32	5	11,054
5	55	11,131
55	5	11,131
5	67	10,88
67	5	10,88
5	77	5,505
77	5	5,505
5	102	3,834
102	5	3,834
5	104	11,574
104	5	11,574
5	217	9,458
217	5	9,458
5	226	11,433
226	5	11,433
4	5	11,184
5	4	11,184
4	26	8,347
26	4	8,347
4	55	6,425
55	4	6,425
4	77	10,733
77	4	10,733
4	78	2,559
78	4	2,559
4	112	8,751
112	4	8,751
4	128	4,751
128	4	4,751
4	138	11,375
138	4	11,375
4	159	10,114
159	4	10,114
4	239	3,883
239	4	3,883
4	240	11,344
240	4	11,344
3	37	8,512
37	3	8,512
3	45	11,902
45	3	11,902
3	67	9,725
67	3	9,725
3	76	8,069
76	3	8,069
3	115	9,861
115	3	9,861
3	153	4,799
153	3	4,799
3	228	7,635
228	3	7,635
3	241	7,024
241	3	7,024
2	14	8,765
14	2	8,765
2	18	7,425
18	2	7,425
2	42	11,456
42	2	11,456
2	51	5,083
51	2	5,083
2	79	11,759
79	2	11,759
2	86	5,98
86	2	5,98
2	108	9,627
108	2	9,627
2	110	11,746
110	2	11,746
2	141	11,373
141	2	11,373
1	72	6,506
72	1	6,506
1	107	7,484
107	1	7,484
1	130	10,203
130	1	10,203
1	150	10,908
150	1	10,908
1	164	11,039
164	1	11,039
1	189	9,582
189	1	9,582
1	194	11,069
194	1	11,069
1	200	9,55
200	1	9,55
1	203	8,567
203	1	8,567
1	220	10,428
220	1	10,428
0	15	5,719
15	0	5,719
0	24	10,191
24	0	10,191
0	44	6,471
44	0	6,471
0	49	4,849
49	0	4,849
0	58	9,955
58	0	9,955
0	59	10,657
59	0	10,657
0	68	11,816
68	0	11,816
0	80	6,821
80	0	6,821
0	97	7,705
97	0	7,705
0	114	9,61
114	0	9,61
0	149	9,659
149	0	9,659
0	160	11,714
160	0	11,714
0	163	9,368
163	0	9,368
0	176	8,927
176	0	8,927
0	191	10,711
191	0	10,711
0	202	4,678
202	0	4,678
0	204	5,476
204	0	5,476
0	209	9,511
209	0	9,511
0	211	8,438
211	0	8,438
0	222	7,573
222	0	7,573
0	225	2,383
225	0	2,383
